# Created by Octave 4.2.1, Fri Dec 29 10:08:45 2017 CET <nushy@nushy-N550JV>
# name: DD
# type: matrix
# rows: 100
# columns: 19
 0.6984425422323228 -0.5352090931730553 -0.07755942019611881 0.0205720111114669 0.07059160788212326 -0.512494483663604 0.5244313735208563 -0.1275270925764985 -0.1379343860672402 0.1701220492941296 -0.0590472701173009 0.1660882192240284 0.2214376602577695 -0.3406159924091261 0.2175762196717692 -0.01741398393088247 -0.0001622269744991332 -8.766387479483211e-09 1.40027644801011e-16
 0.4377647553950018 -0.08113634178340343 -6.684786670827988e-05 0.006437333329168218 -0.04588713668002901 -0.08913930547317533 0.1639089010068567 -0.3449541353047212 -0.291243855533009 -0.6643523979946639 0.08856955156491438 0.3449357962194669 0.4169860055053459 0.1571635126107563 0.07168689751859013 -0.008998474744000225 -0.0001493189996118609 -6.850232223951119e-09 -1.40027644801011e-16
 0.01627738646057791 0.1670572501295197 0.332403965137325 0.2099952627157375 -0.09924049223882003 -0.2539816977778116 -0.6118463406977612 -0.1832583344020713 -1.212125642000765 -1.172060601337494 0.08418454308311953 0.408558625259848 0.9031488779706039 0.327623365488078 -0.0284430017846562 0.002154524411472816 -8.950283232742238e-06 -2.27910271000906e-08 -9.80193513607077e-16
 0.01627738646057791 -0.1209635993208718 0.004264421860415313 0.2516355265901751 -0.3686611396296289 -0.529999437367858 -0.8115207638501115 -0.2167950269994601 -1.660182854593194 -0.6498386562276769 0.06150757303885514 0.4655657193695566 1.247144985430561 0.2653122563881805 0.02012161169593535 -0.004616601240572184 -3.657773382075756e-05 -1.41868482150232e-09 -2.80055289602022e-16
 0.01627738646057791 -0.02405422025005152 -0.09191608245649091 -0.120981047863391 -0.3105077262982918 -0.3323974404819114 -0.3125196748427447 -0.1126655997770654 -0.6975071018298007 -0.5490613805081079 0.06150757303885514 0.4839120166976922 1.536512405813774 0.2183185994319038 0.02887344922967201 -0.002588068668925187 -6.589554377735565e-05 1.047032436834055e-08 4.20082934403033e-16
 0.01627738646057791 -0.02405422025005152 0.02086483225123503 -0.03638432255471918 -0.07578714686831312 0.008696514558278245 -0.2136275656637635 -0.2028470174354322 -0.4597467608435415 -0.5935230898700528 0.06150757303885514 0.5626218730509499 1.803490538424412 0.1924111317646284 0.006703693680331146 0.01194004893985469 -0.0001964705582697534 -3.586005439105715e-08 -1.960387027214154e-15
 0.01627738646057791 -0.02405422025005152 0.003210273010045506 0.04445773762981176 0.1451422342520607 -0.1453562717713946 -0.08123327524191262 -0.1312952444867784 -0.4684149156384 -0.5935230898700528 0.06150757303885514 0.6467879472310598 2.072011062963186 0.1648957689874838 0.003220452850474547 0.008988348517678589 -0.0001400244111412206 -1.727261873507923e-08 -1.050207336007582e-15
 0.01627738646057791 -0.02405422025005152 0.003210273010045506 0.01096572630806764 -0.1533281934922513 0.07594851524623683 0.07365495330373582 -0.1026184596074847 -0.6234987253223181 -0.5935230898700528 0.06150757303885514 0.7547193406853211 2.323145972877412 0.1373585666599701 0.002667889151076847 0.00544078201908769 -0.0003161049635866011 -7.493962441363566e-08 -6.161216371244484e-15
 0.01627738646057791 -0.02405422025005152 0.003210273010045506 0.01435305147566907 -0.05581335019078715 0.0004816740632013206 -0.007709064455376197 -0.09660766929956879 -0.4949008732033678 -0.5935230898700528 0.06150757303885514 0.9177588313327659 2.600776975038787 0.1029270407453403 0.003601498757096507 0.003221697870292865 6.011608751311106e-05 -4.38138336375179e-08 -3.640718764826286e-15
 0.01627738646057791 -0.02405422025005152 0.003210273010045506 0.01435305147566907 -0.02713907265568685 -0.1005773247945709 0.06763667429791761 -0.3817433935789394 -0.2151330013640648 -0.3599555188008282 0.0448038476015257 0.799403266376578 2.103208498103937 0.07346811955533215 0.003236192174523015 0.002208103632090934 0.0003870323078228663 -1.919519719216925e-07 -3.626716000346184e-14
 0.01627738646057791 -0.02405422025005152 0.003210273010045506 0.01435305147566907 -0.04770922877918804 -0.00227460700538229 -0.04983246499996571 0.02028010322464602 -0.04203901424302194 -0.1801078369921186 0.02349629976838547 0.4595164719358716 1.116160126232294 0.05644987545572626 0.0007880845277778185 0.00212690378894974 0.0001937930193086436 -7.24323401733929e-08 -1.036204571527481e-14
 0.01627738646057791 -0.02405422025005152 0.003210273010045506 0.01435305147566907 -0.04377433092305619 -0.01274107850836231 -0.09115140796952972 -0.1607723654882745 -0.09559611855621647 -0.1923395940656219 -0.02813097837069669 0.1324849147942623 0.3631520101426021 -0.01080328127648674 0.009268553533614384 0.00159769671744959 9.663898732627855e-05 -9.533578243312322e-09 3.080608185622242e-15
 0.01627738646057791 -0.02405422025005152 0.003210273010045506 0.01435305147566907 -0.04403536369068045 -0.02357904286551985 0.04149565750353265 -0.009838278399873945 0.08614405027852776 -0.1462688651186597 0.0206184277085153 0.05047160417891292 0.1327280775834983 0.007203674512934671 0.002631158255818526 0.003072171512661534 6.385478735632428e-05 8.806411900031217e-08 -4.550898456032857e-15
 0.01627738646057791 -0.02405422025005152 0.003210273010045506 0.01435305147566907 -0.04403536369068045 -0.01923650710803747 -0.01387911625036972 -0.07960684517924055 0.01314978774746618 0.003390999742849732 0.01101538980099517 0.0259202836837446 0.06360977292466331 0.02708106637969781 -0.008446200892026837 0.003075204139530861 4.449544915062274e-05 1.376716027944403e-07 -1.561308239531273e-14
 0.01627738646057791 -0.02405422025005152 0.003210273010045506 0.01435305147566907 -0.04403536369068045 -0.01988387561426921 -0.01773401830023531 -0.0008506912892632876 -0.09927169892012391 -0.02459006521603635 -0.2766981714484046 -0.1088361667762756 -0.08615287233980459 -0.09844637303633613 0.003879437110205065 -0.0007248470944344651 2.649891021802938e-05 4.223730619767283e-08 3.990787876828813e-15
 0.01627738646057791 -0.02405422025005152 0.003210273010045506 0.01435305147566907 -0.04403536369068045 -0.01984811048041447 -0.008055373787439576 -0.03001736507576529 0.1319572126885201 -0.2014211846278315 0.2034228571684003 0.328051991744452 0.4096242904733072 0.3097625953457129 -0.08463719441494465 -0.003907367106226606 3.132551782032988e-05 7.208679649436224e-09 0
 0.01627738646057791 -0.02405422025005152 0.003210273010045506 0.01435305147566907 -0.04403536369068045 -0.01984811048041447 -0.0113968492487217 -0.03426918143663749 -0.06010830800143849 0.02559798628418153 -0.3694272254155949 -0.03243875086405598 0.0133268065560449 -0.0336111471398573 0.006949080524378461 -0.01071281870158924 -1.799404665508214e-05 -2.70159329294502e-07 -5.944173521802917e-14
 0.01627738646057791 -0.02405422025005152 0.003210273010045506 0.01435305147566907 -0.04403536369068045 -0.01984811048041447 -0.010833798819656 -0.02659172348204898 0.01012262846859138 0.02050786124517612 0.2099919780158174 0.3133801940458232 0.4667495682692605 0.2892801030102812 -0.03817090419036883 -0.02029583078537242 -0.0003729403876577499 -2.430792535732522e-07 -6.980378093330398e-14
 0.01627738646057791 -0.02405422025005152 0.003210273010045506 0.01435305147566907 -0.04403536369068045 -0.01984811048041447 -0.01088262430537328 -0.2892246908496754 -0.308515295572925 -0.91859088010301 0.03234561805149674 0.2728879380603851 0.5429168207305285 0.2639199962779883 -0.03264850292789941 -0.003996977205870971 -5.607710720260334e-05 -4.632283291621208e-08 1.330262625609605e-15
 0.01627738646057791 -0.02405422025005152 0.003210273010045506 0.01435305147566907 -0.5001721923015199 -0.5463977877699935 -0.6112882430252222 -0.1405027612411504 -0.8988283213401718 -1.046041569324692 0.089637925125514 0.3951977924673949 0.9518096173917244 0.3026019882522583 0.006085373080505536 -0.01840946945592151 -0.0004356080937574759 -1.524593608807433e-07 -1.799355235692991e-14
 -0.7411816362000743 -0.7683571585326402 -1.007897948036923 -1.013136132202359 -0.8339689547911943 -0.9196275032378872 -0.8684988171080585 -0.2211537388552225 -1.33788578143181 -0.5757172404349656 0.06150757303885514 0.4481514659763704 1.285065995608337 0.263303638252557 0.01948670183395834 -0.006268078351868015 -0.0004134613890310641 -2.144994296801359e-07 -4.186826579550229e-14
 -1.166885666817634 -1.013242150020499 -1.498712954178133 -1.555916534939136 -0.9597737134535639 -0.6511714092168672 -0.4909667233692268 -0.2209076286603527 -1.265407061655392 -0.5358723766047824 0.06150757303885514 0.4961554481338855 1.578876868180774 0.2152346682709725 0.02011927716450736 0.004282008755152671 -0.0004409207081386834 -3.222631016557736e-07 -9.367849437187634e-14
 -0.6998636513778289 -0.6416238063342095 -0.9142012833198738 -0.9396956051349918 -0.952518902260969 -0.5755561636628029 -0.4613067374492668 -0.1835588057075259 -1.136576706617601 -0.5935230898700528 0.06150757303885514 0.5845741008784927 1.852913214278861 0.1869520534018428 0.007746801344131558 0.01016977934559478 -0.0002737414088273309 -1.100879725481048e-07 5.60110579204044e-16
 -0.6998636513778289 -0.6416238063342095 -0.9142012833198738 -0.9396956051349918 -0.8295008416069741 -0.5755561636628029 -0.4873008871858818 -0.1835588057075259 -1.081604822977728 -0.5935230898700528 0.06150757303885514 0.6547920893049695 2.104234793279971 0.162170994021823 0.002399769494797682 0.009055549788858204 -0.0007205096780213353 -5.074249141828647e-07 -2.172528909087686e-13
 -0.6998636513778289 -0.6416238063342095 -0.9142012833198738 -0.9396956051349918 -0.8031539235066361 -0.5755561636628029 -0.4873008871858818 -0.1835588057075259 -1.047119822671996 -0.5935230898700528 0.06150757303885514 0.8157888884126828 2.38939934459483 0.1281596757549554 0.003699010839129593 0.004905800001358836 -0.0001335390527868292 -1.140011422567158e-07 -4.620912278433363e-15
 -0.6998636513778289 -0.6416238063342095 -0.9142012833198738 -0.9396956051349918 -0.8031539235066361 -0.5755561636628029 -0.4873008871858818 -0.1835588057075259 -1.053415811398611 -0.5935230898700528 0.06150757303885514 0.9686820738666984 2.657633657102579 0.0955072384356711 0.003730742328253514 0.003060432717982645 0.0002058979318581235 -5.941426531658844e-09 -2.80055289602022e-14
 -0.6998636513778289 -0.6416238063342095 -0.9142012833198738 -0.9396956051349918 -0.8031539235066361 -0.5755561636628029 -0.4873008871858818 -0.1835588057075259 -1.060317876729974 -0.5935230898700528 0.06150757303885514 0.8910657892075281 2.789255437693575 0.08472371837831373 -0.001080911808822012 0.00241345535702846 0.0002985498501171932 -4.026625418888049e-08 -7.281437529652571e-15
 -0.6998636513778289 -0.6416238063342095 -0.9142012833198738 -0.9396956051349918 -0.8031539235066361 -0.5755561636628029 -0.4873008871858818 -0.1835588057075259 -1.060317876729974 -0.5935230898700528 0.06150757303885514 0.7635427777435742 2.793678103600101 0.09151524542671113 -0.006375365792257691 0.0009740887629799064 0.0001859301098349387 1.765283610059622e-07 -4.627913660673413e-14
 -0.6998636513778289 -0.6416238063342095 -0.9142012833198738 -0.9396956051349918 -0.8031539235066361 -0.5755561636628029 -0.4873008871858818 -0.1835588057075259 -1.060317876729974 -0.5935230898700528 0.06150757303885514 0.7159859739297646 2.80713944623317 0.09192278661407749 -0.005816750645121136 -0.00139359458876618 9.055992622524912e-05 1.746649535457196e-07 -1.323261243369554e-14
 -0.6998636513778289 -0.6416238063342095 -0.9142012833198738 -0.9396956051349918 -0.8031539235066361 -0.5755561636628029 -0.4873008871858818 -0.1835588057075259 -1.060317876729974 -0.5935230898700528 0.06150757303885514 0.6556996098695411 2.883811414016349 0.07988513102808061 -0.001716243950644332 -0.002790933371907782 7.65640268218918e-05 1.558756967577553e-07 1.176232216328492e-14
 -0.6998636513778289 -0.6416238063342095 -0.9142012833198738 -0.9396956051349918 -0.8031539235066361 -0.5755561636628029 -0.4873008871858818 -0.1835588057075259 -1.060317876729974 -0.5935230898700528 0.06150757303885514 0.6277407503827592 2.955008691215623 0.06956680828150676 -0.0007880780647069991 -0.002190389324132965 7.571086671417078e-05 1.76493562881023e-07 6.122708768924206e-14
 -0.6998636513778289 -0.6416238063342095 -0.9142012833198738 -0.9396956051349918 -0.8031539235066361 -0.5755561636628029 -0.4873008871858818 -0.1835588057075259 -1.060317876729974 -0.5935230898700528 0.06150757303885514 0.6425884641216156 2.972425269827101 0.06874288118754206 -0.003130473231650107 -0.001205010153585448 2.157284801225994e-05 1.863944423542455e-07 -4.900967568035385e-16
 -0.6998636513778289 -0.6416238063342095 -0.9142012833198738 -0.9396956051349918 -0.8031539235066361 -0.5755561636628029 -0.4873008871858818 -0.1835588057075259 -1.060317876729974 -0.5935230898700528 0.06150757303885514 0.6523313282204456 2.959076495197609 0.07231602371921603 -0.00488954240450193 -0.001309488306414344 -5.698884185123461e-05 -3.083557672769956e-07 -9.99447314767216e-14
 -0.6998636513778289 -0.6416238063342095 -0.9142012833198738 -0.9396956051349918 -0.8031539235066361 -0.5755561636628029 -0.4873008871858818 -0.1835588057075259 -1.060317876729974 -0.5935230898700528 0.06150757303885514 0.7031745957854015 2.945982933532339 0.07439139349584631 -0.004755147034934419 -0.002056247560085376 -8.202135528778631e-05 -1.930406729004212e-07 -1.617319297451677e-14
 -0.6998636513778289 -0.6416238063342095 -0.9142012833198738 -0.9396956051349918 -0.8031539235066361 -0.5755561636628029 -0.4873008871858818 -0.1835588057075259 -1.060317876729974 -0.5935230898700528 0.06150757303885514 0.7841636145167078 2.93929602057236 0.07471669769606937 -0.004128870155971765 -0.002523478746887497 -4.697475989668291e-05 -8.876294241330975e-08 3.770244336267221e-14
 -0.6998636513778289 -0.6416238063342095 -0.9142012833198738 -0.9396956051349918 -0.8031539235066361 -0.5755561636628029 -0.4873008871858818 -0.1835588057075259 -1.060317876729974 -0.5935230898700528 0.06150757303885514 0.8692069498541994 2.933679427175115 0.07494645784638539 -0.004009670930768893 -0.002527713824692763 -2.191168331216513e-05 -2.491275671887055e-09 4.162321741710051e-14
 -0.6998636513778289 -0.6416238063342095 -0.9142012833198738 -0.9396956051349918 -0.8031539235066361 -0.5755561636628029 -0.4873008871858818 -0.1835588057075259 -1.060317876729974 -0.5935230898700528 0.06150757303885514 0.9945125776135625 2.924746375064806 0.07565755236902311 -0.00419270442082444 -0.002413648609266802 -3.687327712224441e-05 -1.07401282881925e-08 4.039797552509168e-14
 -0.6998636513778289 -0.6416238063342095 -0.9142012833198738 -0.9396956051349918 -0.8031539235066361 -0.5755561636628029 -0.4873008871858818 -0.1835588057075259 -1.060317876729974 -0.5935230898700528 0.06150757303885514 1.145450166371718 2.911962609235228 0.0768666488594172 -0.004390863624900678 -0.002392124955310982 -6.094542033327812e-05 -2.87645550002575e-08 1.365269536809857e-14
 -0.6998636513778289 -0.6416238063342095 -0.9142012833198738 -0.9396956051349918 -0.8031539235066361 -0.5755561636628029 -0.4873008871858818 -0.1835588057075259 -1.060317876729974 -0.5935230898700528 0.06150757303885514 1.309984362518058 2.895618968140717 0.07851784843126119 -0.004574226777098679 -0.00245190775303161 -6.878062378973985e-05 -3.749935639828983e-09 4.942975861475688e-14
 -0.6998636513778289 -0.6416238063342095 -0.9142012833198738 -0.9396956051349918 -0.8031539235066361 -0.5755561636628029 -0.4873008871858818 -0.1835588057075259 -1.060317876729974 -0.5935230898700528 0.06150757303885514 1.512043763730868 2.875114507504188 0.08056736256885132 -0.004760924417327526 -0.002544583267794248 -6.520263143843525e-05 4.031880156332251e-08 -6.273238487085293e-14
 -0.6998636513778289 -0.6416238063342095 -0.9142012833198738 -0.9396956051349918 -0.8031539235066361 -0.5755561636628029 -0.4873008871858818 -0.1835588057075259 -1.060317876729974 -0.5935230898700528 0.06150757303885514 1.738121080521625 2.850718328964724 0.08303888269126772 -0.004968217809323622 -0.00264490111718536 -6.271280383215426e-05 4.94088688345265e-08 -1.288254332169301e-14
 -0.6998636513778289 -0.6416238063342095 -0.9142012833198738 -0.9396956051349918 -0.8031539235066361 -0.5755561636628029 -0.4873008871858818 -0.1835588057075259 -1.060317876729974 -0.5935230898700528 0.06150757303885514 1.985706917309207 2.822759317296463 0.08589060206479508 -0.005186178566694856 -0.002749739005459865 -6.385746816109775e-05 1.762889852459288e-08 -1.932381498253952e-14
 -0.6998636513778289 -0.6416238063342095 -0.9142012833198738 -0.9396956051349918 -0.8031539235066361 -0.5755561636628029 -0.4873008871858818 -0.1835588057075259 -1.060317876729974 -0.5935230898700528 0.06150757303885514 2.269386382974446 2.790990165884316 0.08908588119782648 -0.005404415063913952 -0.002861228013774021 -6.636745851641713e-05 -4.994455052174712e-09 -4.32685422435124e-14
 -0.6998636513778289 -0.6416238063342095 -0.9142012833198738 -0.9396956051349918 -0.8031539235066361 -0.5755561636628029 -0.4873008871858818 -0.1835588057075259 -1.060317876729974 -0.5935230898700528 0.06150757303885514 2.57854353439543 2.755636386706732 0.0926463052997676 -0.005635730000628824 -0.0029759634260515 -6.917740540898276e-05 8.473922973117967e-09 -1.078212864967785e-14
 -0.6998636513778289 -0.6416238063342095 -0.9142012833198738 -0.9396956051349918 -0.8031539235066361 -0.5755561636628029 -0.4873008871858818 -0.1835588057075259 -1.060317876729974 -0.5935230898700528 0.06150757303885514 2.915215043484542 2.716819230382974 0.09654051749441561 -0.005871657049190523 -0.003094238819230076 -7.218611696085478e-05 2.889066018477256e-08 -2.142422965455468e-14
 -0.6998636513778289 -0.6416238063342095 -0.9142012833198738 -0.9396956051349918 -0.8031539235066361 -0.5755561636628029 -0.4873008871858818 -0.1835588057075259 -1.060317876729974 -0.5935230898700528 0.06150757303885514 3.28812611366744 2.674422522461493 0.1007390481848366 -0.006101958109013097 -0.003216303611530613 -7.544879326767366e-05 3.135092734448207e-08 3.150622008022748e-15
 -0.6998636513778289 -0.6416238063342095 -0.9142012833198738 -0.9396956051349918 -0.8031539235066361 -0.5755561636628029 -0.4873008871858818 -0.1835588057075259 -1.060317876729974 -0.5935230898700528 0.06150757303885514 3.689882561754305 2.628678099546665 0.1052426824521643 -0.006331589530534129 -0.003338163591933338 -7.88922451975647e-05 2.367639701014412e-08 6.161216371244483e-14
 -0.6998636513778289 -0.6416238063342095 -0.9142012833198738 -0.9396956051349918 -0.8031539235066361 -0.5755561636628029 -0.4873008871858818 -0.1835588057075259 -1.060317876729974 -0.5935230898700528 0.06150757303885514 4.124398034398853 2.579676903716944 0.1100138742795383 -0.006550945147245432 -0.003458645399592346 -8.241908194323704e-05 1.952379697964201e-08 7.687517699575503e-14
 -0.6998636513778289 -0.6416238063342095 -0.9142012833198738 -0.9396956051349918 -0.8031539235066361 -0.5755561636628029 -0.4873008871858818 -0.1835588057075259 -1.060317876729974 -0.5935230898700528 0.06150757303885514 4.597047436445331 2.527417268445125 0.1150226323866089 -0.00675237742793031 -0.003576148705813307 -8.607481767257862e-05 2.042171480644298e-08 -4.921971714755537e-14
 -0.6998636513778289 -0.6416238063342095 -0.9142012833198738 -0.9396956051349918 -0.8031539235066361 -0.5755561636628029 -0.4873008871858818 -0.1835588057075259 -1.060317876729974 -0.5935230898700528 0.06150757303885514 5.102854387622134 2.472145685451366 0.1202544046629588 -0.006936675178682252 -0.003686762929157953 -8.979707136373406e-05 2.184433280214263e-08 -6.301244016045495e-15
 -0.6998636513778289 -0.6416238063342095 -0.9142012833198738 -0.9396956051349918 -0.8031539235066361 -0.5755561636628029 -0.4873008871858818 -0.1835588057075259 -1.060317876729974 -0.5935230898700528 0.06150757303885514 5.647283184413405 2.413948870487917 0.1256646794347427 -0.007093289594830654 -0.003788828472775615 -9.346558526314229e-05 2.242917421876256e-08 -2.940580540821231e-15
 -0.6998636513778289 -0.6416238063342095 -0.9142012833198738 -0.9396956051349918 -0.8031539235066361 -0.5755561636628029 -0.4873008871858818 -0.1835588057075259 -1.060317876729974 -0.5935230898700528 0.06150757303885514 6.232463424641875 2.352947970367611 0.1312220169235866 -0.007216808479631538 -0.003879808838200156 -9.705206313601651e-05 2.287006016929713e-08 8.926762356064451e-15
 -0.6998636513778289 -0.6416238063342095 -0.9142012833198738 -0.9396956051349918 -0.8031539235066361 -0.5755561636628029 -0.4873008871858818 -0.1835588057075259 -1.060317876729974 -0.5935230898700528 0.06150757303885514 6.857277507821813 2.28936914270126 0.1368964250227043 -0.007304872181237296 -0.003956069889194322 -0.0001004625292130287 2.343550003740675e-08 -3.465684208825022e-15
 -0.6998636513778289 -0.6416238063342095 -0.9142012833198738 -0.9396956051349918 -0.8031539235066361 -0.5755561636628029 -0.4873008871858818 -0.1835588057075259 -1.060317876729974 -0.5935230898700528 0.06150757303885514 7.525960099657051 2.223363439643614 0.1426417552411182 -0.007348792942043105 -0.004015685656701315 -0.0001035853937920504 2.411784126148063e-08 -1.407277830250161e-14
 -0.6998636513778289 -0.6416238063342095 -0.9142012833198738 -0.9396956051349918 -0.8031539235066361 -0.5755561636628029 -0.4873008871858818 -0.1835588057075259 -1.060317876729974 -0.5935230898700528 0.06150757303885514 8.240516908653316 2.155120932801713 0.1484196053246078 -0.007344621502168788 -0.004055852546143116 -0.000106364954126673 2.486435017731121e-08 -9.871948958471275e-15
 -0.6998636513778289 -0.6416238063342095 -0.9142012833198738 -0.9396956051349918 -0.8031539235066361 -0.5755561636628029 -0.4873008871858818 -0.1835588057075259 -1.060317876729974 -0.5935230898700528 0.06150757303885514 9.001885304104752 2.084879432480059 0.1541912319094226 -0.007290093840047463 -0.00407358437879674 -0.0001086959529010899 2.569430451277397e-08 1.750345560012637e-15
 -0.6998636513778289 -0.6416238063342095 -0.9142012833198738 -0.9396956051349918 -0.8031539235066361 -0.5755561636628029 -0.4873008871858818 -0.1835588057075259 -1.060317876729974 -0.5935230898700528 0.06150757303885514 9.812798131411226 2.012873163041028 0.1599101700739979 -0.007180551049288379 -0.004067124411520305 -0.0001104824104227725 2.667742137489155e-08 4.410870811231846e-15
 -0.6998636513778289 -0.6416238063342095 -0.9142012833198738 -0.9396956051349918 -0.8031539235066361 -0.5755561636628029 -0.4873008871858818 -0.1835588057075259 -1.060317876729974 -0.5935230898700528 0.06150757303885514 10.67795064563709 1.939298331102795 0.1655291973634206 -0.007013712610268868 -0.004034451446812274 -0.0001116702097235835 2.77671625451471e-08 -3.640718764826286e-15
 -0.6998636513778289 -0.6416238063342095 -0.9142012833198738 -0.9396956051349918 -0.8031539235066361 -0.5755561636628029 -0.4873008871858818 -0.1835588057075259 -1.060317876729974 -0.5935230898700528 0.06150757303885514 11.59534024836443 1.864499818226346 0.1710145234370163 -0.006793097777975534 -0.003973630919726257 -0.000112171848249588 2.894662404162445e-08 -9.451866024068243e-15
 -0.6998636513778289 -0.6416238063342095 -0.9142012833198738 -0.9396956051349918 -0.8031539235066361 -0.5755561636628029 -0.4873008871858818 -0.1835588057075259 -1.060317876729974 -0.5935230898700528 0.06150757303885514 12.57350228175999 1.788658310705491 0.1763060300839384 -0.006514934435413588 -0.003884299234646572 -0.0001119318218020074 3.024276777747787e-08 -6.441271660846506e-15
 -0.6998636513778289 -0.6416238063342095 -0.9142012833198738 -0.9396956051349918 -0.8031539235066361 -0.5755561636628029 -0.4873008871858818 -0.1835588057075259 -1.060317876729974 -0.5935230898700528 0.06150757303885514 13.61056444501134 1.712127163629176 0.1813744010351569 -0.006187415416063387 -0.003765829906167593 -0.0001109231713739169 3.160262679045723e-08 -2.80055289602022e-15
 -0.6998636513778289 -0.6416238063342095 -0.9142012833198738 -0.9396956051349918 -0.8031539235066361 -0.5755561636628029 -0.4873008871858818 -0.1835588057075259 -1.060317876729974 -0.5935230898700528 0.06150757303885514 14.71262173455269 1.635164230129577 0.1861662817735708 -0.00581291052356499 -0.003618570968627355 -0.000109113730279774 3.299325768147053e-08 -2.80055289602022e-15
 -0.6998636513778289 -0.6416238063342095 -0.9142012833198738 -0.9396956051349918 -0.8031539235066361 -0.5755561636628029 -0.4873008871858818 -0.1835588057075259 -1.060317876729974 -0.5935230898700528 0.06150757303885514 15.88280541009838 1.558058454900647 0.1906425435475189 -0.005398807744727506 -0.003444355103680772 -0.000106503628299487 3.439456237966479e-08 -4.270843166430835e-15
 -0.6998636513778289 -0.6416238063342095 -0.9142012833198738 -0.9396956051349918 -0.8031539235066361 -0.5755561636628029 -0.4873008871858818 -0.1835588057075259 -1.060317876729974 -0.5935230898700528 0.06150757303885514 17.12194762108738 1.481163539305782 0.1947686064233866 -0.004956315460796218 -0.003244828393128522 -0.0001031216469576987 3.573055261655035e-08 -4.970981390435891e-15
 -0.6998636513778289 -0.6416238063342095 -0.9142012833198738 -0.9396956051349918 -0.8031539235066361 -0.5755561636628029 -0.4873008871858818 -0.1835588057075259 -1.060317876729974 -0.5935230898700528 0.06150757303885514 18.44059756982026 1.404669587293841 0.1984880245906291 -0.004489959655450786 -0.003023955226413746 -9.900236656219226e-05 3.69501096941347e-08 -4.830953745634879e-15
 -0.6998636513778289 -0.6416238063342095 -0.9142012833198738 -0.9396956051349918 -0.8031539235066361 -0.5755561636628029 -0.4873008871858818 -0.1835588057075259 -1.060317876729974 -0.5935230898700528 0.06150757303885514 19.83111487209236 1.329041813028119 0.2017982288017973 -0.004021901304571454 -0.002785253944626064 -9.420369067028737e-05 3.800159715722168e-08 -4.760939923234374e-15
 -0.6998636513778289 -0.6416238063342095 -0.9142012833198738 -0.9396956051349918 -0.8031539235066361 -0.5755561636628029 -0.4873008871858818 -0.1835588057075259 -1.060317876729974 -0.5935230898700528 0.06150757303885514 21.31517618383046 1.254328103916003 0.20461052031146 -0.003547780718841446 -0.002534951081325377 -8.882031424896983e-05 3.880652044303981e-08 -5.181022857637407e-15
 -0.6998636513778289 -0.6416238063342095 -0.9142012833198738 -0.9396956051349918 -0.8031539235066361 -0.5755561636628029 -0.4873008871858818 -0.1835588057075259 -1.060317876729974 -0.5935230898700528 0.06150757303885514 22.87507116166546 1.181079953959642 0.2069658329792225 -0.003103286631521128 -0.002277975310932612 -8.292436146359626e-05 3.931563682736729e-08 -5.251036680037913e-15
 -0.6998636513778289 -0.6416238063342095 -0.9142012833198738 -0.9396956051349918 -0.8031539235066361 -0.5755561636628029 -0.4873008871858818 -0.1835588057075259 -1.060317876729974 -0.5935230898700528 0.06150757303885514 24.54030937150949 1.109259653384288 0.2087472237333827 -0.002673998311004382 -0.002022232044205691 -7.664605756182926e-05 3.94850475038312e-08 -5.391064324838924e-15
 -0.6998636513778289 -0.6416238063342095 -0.9142012833198738 -0.9396956051349918 -0.8031539235066361 -0.5755561636628029 -0.4873008871858818 -0.1835588057075259 -1.060317876729974 -0.5935230898700528 0.06150757303885514 26.29336833059149 1.039336400190192 0.2100094000410416 -0.002298143463674131 -0.001774302990065222 -7.008595895208047e-05 3.926765644301159e-08 -5.531091969639934e-15
 -0.6998636513778289 -0.6416238063342095 -0.9142012833198738 -0.9396956051349918 -0.8031539235066361 -0.5755561636628029 -0.4873008871858818 -0.1835588057075259 -1.060317876729974 -0.5935230898700528 0.06150757303885514 28.15469558934 0.9713771206839603 0.2106626520155593 -0.001967161376325456 -0.001541135787484056 -6.33862692257385e-05 3.86472756630697e-08 -5.881161081642461e-15
 -0.6998636513778289 -0.6416238063342095 -0.9142012833198738 -0.9396956051349918 -0.8031539235066361 -0.5755561636628029 -0.4873008871858818 -0.1835588057075259 -1.060317876729974 -0.5935230898700528 0.06150757303885514 30.12902906242601 0.9055199489721973 0.2106928388824886 -0.001693667636368773 -0.001331622062961688 -5.667324292408533e-05 3.762429390937911e-08 -5.951174904042968e-15
 -0.6998636513778289 -0.6416238063342095 -0.9142012833198738 -0.9396956051349918 -0.8031539235066361 -0.5755561636628029 -0.4873008871858818 -0.1835588057075259 -1.060317876729974 -0.5935230898700528 0.06150757303885514 32.20313333760541 0.8421425388893767 0.2101336026105708 -0.001503736688006296 -0.001148686400801933 -5.009572062467566e-05 3.619882309584403e-08 -6.091202548843978e-15
 -0.6998636513778289 -0.6416238063342095 -0.9142012833198738 -0.9396956051349918 -0.8031539235066361 -0.5755561636628029 -0.4873008871858818 -0.1835588057075259 -1.060317876729974 -0.5935230898700528 0.06150757303885514 34.42883831398601 0.7808579559011027 0.2087938127544776 -0.001349536036810803 -0.00100296647379411 -4.381184849489409e-05 3.441413115210313e-08 -6.23123019364499e-15
 -0.6998636513778289 -0.6416238063342095 -0.9142012833198738 -0.9396956051349918 -0.8031539235066361 -0.5755561636628029 -0.4873008871858818 -0.1835588057075259 -1.060317876729974 -0.5935230898700528 0.06150757303885514 36.73811359077154 0.7224570591090262 0.206926956809345 -0.001320536450441278 -0.0008914676227963967 -3.794668524683548e-05 3.230771467624061e-08 -6.371257838446001e-15
 -0.6998636513778289 -0.6416238063342095 -0.9142012833198738 -0.9396956051349918 -0.8031539235066361 -0.5755561636628029 -0.4873008871858818 -0.1835588057075259 -1.060317876729974 -0.5935230898700528 0.06150757303885514 39.24111116177777 0.6660322598302936 0.2040961697455612 -0.001286279153800559 -0.0008244040515499919 -3.271247876351049e-05 2.994522667659717e-08 -6.511285483247012e-15
 -0.6998636513778289 -0.6416238063342095 -0.9142012833198738 -0.9396956051349918 -0.8031539235066361 -0.5755561636628029 -0.4873008871858818 -0.1835588057075259 -1.060317876729974 -0.5935230898700528 0.06150757303885514 41.82444282757719 0.6125853321707818 0.2007601910301055 -0.001395757633268697 -0.0007937635750895965 -2.816657048545285e-05 2.739332239242272e-08 -6.651313128048023e-15
 -0.6998636513778289 -0.6416238063342095 -0.9142012833198738 -0.9396956051349918 -0.8031539235066361 -0.5755561636628029 -0.4873008871858818 -0.1835588057075259 -1.060317876729974 -0.5935230898700528 0.06150757303885514 44.61411846402817 0.5611597294861644 0.196381792335115 -0.00148046061983535 -0.0008032465476550632 -2.45493809315962e-05 2.473858164313167e-08 -6.791340772849033e-15
 -0.6998636513778289 -0.6416238063342095 -0.9142012833198738 -0.9396956051349918 -0.8031539235066361 -0.5755561636628029 -0.4873008871858818 -0.1835588057075259 -1.060317876729974 -0.5935230898700528 0.06150757303885514 47.53619282949254 0.5122360162722668 0.1912876289376013 -0.001642900399699451 -0.0008482327400996722 -2.184617021634529e-05 2.205933105006338e-08 -6.721326950448528e-15
 -0.6998636513778289 -0.6416238063342095 -0.9142012833198738 -0.9396956051349918 -0.8031539235066361 -0.5755561636628029 -0.4873008871858818 -0.1835588057075259 -1.060317876729974 -0.5935230898700528 0.06150757303885514 50.60862652098888 0.4657466698682186 0.1853627697548702 -0.001845711767129412 -0.000912720851637876 -2.02106892926491e-05 1.943320523632882e-08 -6.721326950448528e-15
 -0.6998636513778289 -0.6416238063342095 -0.9142012833198738 -0.9396956051349918 -0.8031539235066361 -0.5755561636628029 -0.4873008871858818 -0.1835588057075259 -1.060317876729974 -0.5935230898700528 0.06150757303885514 53.94180251435294 0.4207614098955837 0.1781517071790472 -0.001935682254153938 -0.001009356595849006 -1.960063839898422e-05 1.696187129605068e-08 -6.721326950448528e-15
 -0.6998636513778289 -0.6416238063342095 -0.9142012833198738 -0.9396956051349918 -0.8031539235066361 -0.5755561636628029 -0.4873008871858818 -0.1835588057075259 -1.060317876729974 -0.5935230898700528 0.06150757303885514 57.30740550981129 0.3788274396566416 0.1706084852662255 -0.002212611763755958 -0.001094009981783715 -1.993396082556266e-05 1.467151485350107e-08 -6.721326950448528e-15
 -0.6998636513778289 -0.6416238063342095 -0.9142012833198738 -0.9396956051349918 -0.8031539235066361 -0.5755561636628029 -0.4873008871858818 -0.1835588057075259 -1.060317876729974 -0.5935230898700528 0.06150757303885514 61.11355583436829 0.3371809735146089 0.1609499855634557 -0.002112782614819136 -0.001196023711510533 -2.121413001205923e-05 1.268671404207731e-08 -6.511285483247012e-15
 -0.6998636513778289 -0.6416238063342095 -0.9142012833198738 -0.9396956051349918 -0.8031539235066361 -0.5755561636628029 -0.4873008871858818 -0.1835588057075259 -1.060317876729974 -0.5935230898700528 0.06150757303885514 64.7939495751919 0.2993190794360146 0.1516286674873989 -0.002373519190467493 -0.001256023213028121 -2.29595629491249e-05 1.098260581225471e-08 -6.371257838446001e-15
 -0.6998636513778289 -0.6416238063342095 -0.9142012833198738 -0.9396956051349918 -0.8031539235066361 -0.5755561636628029 -0.4873008871858818 -0.1835588057075259 -1.060317876729974 -0.5935230898700528 0.06150757303885514 69.13869916432813 0.2603816212824384 0.1391644607193077 -0.001961953992062679 -0.001305404182522558 -2.543154443248313e-05 9.689903035865545e-09 -6.021188726443473e-15
 -0.6998636513778289 -0.6416238063342095 -0.9142012833198738 -0.9396956051349918 -0.8031539235066361 -0.5755561636628029 -0.4873008871858818 -0.1835588057075259 -1.060317876729974 -0.5935230898700528 0.06150757303885514 73.18965009275379 0.2258806092556561 0.1277477201702719 -0.00207740336548946 -0.001282511101154914 -2.753431532612171e-05 8.741076463118715e-09 -5.741133436841451e-15
 -0.6998636513778289 -0.6416238063342095 -0.9142012833198738 -0.9396956051349918 -0.8031539235066361 -0.5755561636628029 -0.4873008871858818 -0.1835588057075259 -1.060317876729974 -0.5935230898700528 0.06150757303885514 78.03449076012055 0.1897510176436606 0.1125699034021928 -0.001378032064891702 -0.001210615266751196 -2.99441002627639e-05 8.253688233734199e-09 -5.461078147239429e-15
 -0.6998636513778289 -0.6416238063342095 -0.9142012833198738 -0.9396956051349918 -0.8031539235066361 -0.5755561636628029 -0.4873008871858818 -0.1835588057075259 -1.060317876729974 -0.5935230898700528 0.06150757303885514 82.72475898355121 0.1569506407075179 0.09777602809248076 -0.0009517513638630928 -0.001062915572214472 -3.136224834623788e-05 8.185159321893399e-09 -4.970981390435891e-15
 -0.6998636513778289 -0.6416238063342095 -0.9142012833198738 -0.9396956051349918 -0.8031539235066361 -0.5755561636628029 -0.4873008871858818 -0.1835588057075259 -1.060317876729974 -0.5935230898700528 0.06150757303885514 87.81896903997534 0.1247534391716692 0.08098345057576538 -0.0003241485398455983 -0.0007717890660686287 -3.212216050446257e-05 8.442943225888488e-09 -4.550898456032857e-15
 -0.6998636513778289 -0.6416238063342095 -0.9142012833198738 -0.9396956051349918 -0.8031539235066361 -0.5755561636628029 -0.4873008871858818 -0.1835588057075259 -1.060317876729974 -0.5935230898700528 0.06150757303885514 93.45161919067355 0.09229680757352128 0.06147544925913628 0.0009359757493373169 -0.0004696194889747107 -3.187619627212387e-05 9.227666155429829e-09 -4.130815521629824e-15
 -0.6998636513778289 -0.6416238063342095 -0.9142012833198738 -0.9396956051349918 -0.8031539235066361 -0.5755561636628029 -0.4873008871858818 -0.1835588057075259 -1.060317876729974 -0.5935230898700528 0.06150757303885514 98.90795744912654 0.06320832647406066 0.04253761610099771 0.001665774533816451 5.915077796568323e-05 -3.037412568319697e-05 1.007914619077442e-08 -3.710732587226792e-15
 -0.6998636513778289 -0.6416238063342095 -0.9142012833198738 -0.9396956051349918 -0.8031539235066361 -0.5755561636628029 -0.4873008871858818 -0.1835588057075259 -1.060317876729974 -0.5935230898700528 0.06150757303885514 105.0895961736128 0.03363875131268697 0.02029838623867915 0.002878751450439599 0.0006317474101342731 -2.754831029230845e-05 1.120492864189249e-08 -3.080608185622242e-15
 -0.6998636513778289 -0.6416238063342095 -0.9142012833198738 -0.9396956051349918 -0.8031539235066361 -0.5755561636628029 -0.4873008871858818 -0.1835588057075259 -1.060317876729974 -0.5935230898700528 0.06150757303885514 111.6589607651519 0.004643132501258998 -0.003786962817776286 0.004294008690283006 0.001260568376599157 -2.340663992613748e-05 1.230043797402435e-08 -2.730539073619714e-15
 -0.6998636513778289 -0.6416238063342095 -0.9142012833198738 -0.9396956051349918 -0.8031539235066361 -0.5755561636628029 -0.4873008871858818 -0.1835588057075259 -1.060317876729974 -0.5935230898700528 0.06150757303885514 118.0688381163624 -0.02187494767111048 -0.02696014648230485 0.00493624623540346 0.002063049815847256 -1.876618390977785e-05 1.314296083924521e-08 -2.520497606418198e-15
 -0.6998636513778289 -0.6416238063342095 -0.9142012833198738 -0.9396956051349918 -0.8031539235066361 -0.5755561636628029 -0.4873008871858818 -0.1835588057075259 -1.060317876729974 -0.5935230898700528 0.06150757303885514 125.4758753042723 -0.04986726166162522 -0.05362026050013621 0.005484622125138496 0.002731493643359616 -1.017189138518126e-05 1.338456147237523e-08 -2.030400849614659e-15
 -0.6998636513778289 -0.6416238063342095 -0.9142012833198738 -0.9396956051349918 -0.8031539235066361 -0.5755561636628029 -0.4873008871858818 -0.1835588057075259 -1.060317876729974 -0.5935230898700528 0.06150757303885514 133.1872002851532 -0.07612970965967314 -0.08117633242758657 0.005711545569761643 0.003211721732492135 -8.083672293086568e-07 1.304728956031311e-08 -1.820359382413143e-15
 -0.6998636513778289 -0.6416238063342095 -0.9142012833198738 -0.9396956051349918 -0.8031539235066361 -0.5755561636628029 -0.4873008871858818 -0.1835588057075259 -1.060317876729974 -0.5935230898700528 0.06150757303885514 140.7618532099329 -0.09912528366881941 -0.1069899080221686 0.004510918365814024 0.003496314233747117 1.476244567580189e-05 1.129538137694561e-08 -1.540304092811121e-15
 -0.6998636513778289 -0.6416238063342095 -0.9142012833198738 -0.9396956051349918 -0.8031539235066361 -0.5755561636628029 -0.4873008871858818 -0.1835588057075259 -1.060317876729974 -0.5935230898700528 0.06150757303885514 149.4009084469729 -0.1244155434570235 -0.1338500745556926 0.001056614930618169 0.003202899322847415 3.762459575720886e-05 6.97875716868487e-09 -1.470290270410615e-15
 -0.6998636513778289 -0.6416238063342095 -0.9142012833198738 -0.9396956051349918 -0.4095485458633069 -0.5755561636628029 -0.4873008871858818 -0.08249756317161702 -0.7143845183797937 -0.5935230898700528 0.01950558909994693 90.20874362620761 -0.08271893080093901 -0.09973547951476583 0.01084624933212237 0.002284959119091304 6.064137115038976e-05 2.152700966112248e-09 -1.540304092811121e-15
 -0.4378331394748172 -0.34488357023303 -0.5465278823514446 -0.5756006345995861 -0.3325956039823421 -0.317667646322936 -0.2242375430676123 -0.08514312350473832 -0.559372837206243 -0.2848044552959751 0.03690454382331308 89.71608117507233 0.1279891237372994 0.1050843861757514 -0.006881642529372761 -0.001873078016712111 0.0003134406155863692 2.67374147031845e-07 2.100414672015165e-16


