# Created by Octave 4.2.1, Fri Dec 29 10:08:45 2017 CET <nushy@nushy-N550JV>
# name: XX
# type: matrix
# rows: 100
# columns: 22
 1.074610635558081 1.007709498911449 0.9980145713869339 1.003157574164801 0.992641611272834 1.063233219154957 0.8 0.9311078433802141 1.078359604249261 0.9508325116727626 0.8128981256055224 0.8554286379290549 0.8 0.8 0.8006487821063439 0.8283284896385651 0.8 1.017576219671769 1.000162235740887 1.000000008766388 1 1
 1.00944118884875 0.999299146125825 0.9992907901424866 1.000900123474779 1.047747360339942 1.001860223659913 0.9127209181867373 0.9536981434384515 0.5 0.5 0.5 0.5 0.6382571827574329 0.7268267343223473 0.7281741397763296 0.7802973904644979 0.9374609030752542 1.009147800593844 1.000149325849844 1.000000006850232 1 1
 0.9040693466151445 0.9249515028813344 0.9665019985235 1.019000814202434 0.7523645797951741 0.6531240875563541 0.5 0.5 0.6972188860630709 0.5139605516609995 0.5 0.5 0.5 0.5841845430831195 0.5857804752130408 0.6986740849593662 1.026297450447444 0.9978544486627881 1.000008973074261 1.000000022791028 1.000000000000001 1
 0.9040693466151445 0.8889488967000355 0.8894819494325874 0.9523908310801312 1.03584946575598 0.6671883261263514 0.5 0.5 0.5 0.5 0.5 0.5 0.5 0.5615075730388551 0.5633261891301424 0.7192193123089625 0.984531568697143 1.004653180393078 1.000036579152506 1.000000001418685 1.000000000000001 1
 0.9040693466151445 0.901062569083888 0.8895730587768267 0.8593277968109789 1.307852799422289 0.9973450731239972 0.6649476326420858 0.5868177139313996 1.032076263245854 0.9194106634687882 0.5 0.5 0.5 0.5615075730388551 0.5633978543540805 0.7554619050808022 0.973780504512706 1.002653953742378 1.000065885073453 0.9999999895296754 0.9999999999999998 1
 0.9040693466151445 0.901062569083888 0.9036706731152924 0.8945745924766125 1.06239108489275 0.9866039380244374 0.9953004525827156 0.9418935611667747 0.5136038062939898 0.5 0.5 0.5 0.5 0.5615075730388551 0.5637053147304604 0.789141632033512 0.9815527637981403 0.9882564574784715 1.000196506418326 1.000000035860056 1.000000000000002 1
 0.9040693466151445 0.901062569083888 0.9014638532101438 0.9125782876175967 1.042916820782934 1.188059055034994 1.0427027832636 1.022394464453122 0.8258228493435292 0.6945276048567508 0.5 0.5 0.5 0.5615075730388551 0.5640340884577264 0.8230354713281247 0.9879312403156084 0.991151693166083 1.000140041683762 1.00000001727262 1.000000000000002 1.000000000000001
 0.9040693466151445 0.901062569083888 0.9014638532101438 0.9042052847871607 1.113991279652984 0.9606630861607326 1.03661160140697 1.055025339732903 0.697241155834156 0.5946226962266713 0.5 0.5 0.5 0.5615075730388551 0.5644556954634071 0.8548489420730836 0.9922075087330537 0.9948753978841306 1.000316179903218 1.000000074939632 1.000000000000007 1.000000000000001
 0.9040693466151445 0.901062569083888 0.9014638532101438 0.905052116079061 1.094250442775436 1.038437092584649 1.038918766647851 1.036991500534007 0.8170657713190197 0.7204581020194509 0.5 0.5 0.5 0.5615075730388551 0.5650925684737488 0.8901896903535971 0.9931167310989374 0.9967182298560339 0.9999399277263268 1.00000004381384 1.000000000000006 1.000000000000003
 0.9040693466151445 0.901062569083888 0.9014638532101438 0.905052116079061 1.095915216894233 1.068776144238546 0.968198819443975 0.9851079880184545 1.268742502000674 0.8869991084217341 0.6718661070576692 0.5818772273574622 0.6098731654084422 0.6546770130099678 0.6577996820192513 0.9207007442822435 0.9941688638375756 0.9974050560120986 0.9996131596441895 1.000000191952012 1.00000000000004 1.000000000000004
 0.9040693466151445 0.901062569083888 0.9014638532101438 0.905052116079061 1.095915216894233 1.048205988115045 1.045931381109662 1.033473264859671 0.7429309832320905 0.7632110864567365 0.7211720722137146 0.6761451129656849 0.7756301138746804 0.7991264136430659 0.8009213998615654 0.9404414156406021 0.9968912910963283 0.9976793756241061 0.9998062794130559 1.000000072432365 1.000000000000024 1.000000000000014
 0.9040693466151445 0.901062569083888 0.9014638532101438 0.905052116079061 1.095915216894233 1.052140885971176 1.039399807462814 1.016611955470432 1.057127156728042 0.8963547912397676 0.8007586726835512 0.7526737741671456 0.9820598594761358 0.9539288811054392 0.9544464003038543 0.9998404015716795 0.9890371202951928 0.9983056738288071 0.9999033705462567 1.000000009533583 1.000000000000005 1.000000000000008
 0.9040693466151445 0.901062569083888 0.9014638532101438 0.905052116079061 1.095915216894233 1.051879853203552 1.028300810338032 1.038674724713916 0.8106448853065795 0.8008066069067056 0.8869506571852334 0.8503834409055684 0.94962246075684 0.9702408884653553 0.9704380431691791 0.9870290528671164 0.9942327273800511 0.9968638856358696 0.9999360571485311 0.9999999119358874 1.000000000000006 1.000000000000002
 0.9040693466151445 0.901062569083888 0.9014638532101438 0.905052116079061 1.095915216894233 1.051879853203552 1.032643346095515 1.029173567032923 0.9431007055058158 0.8634938603265753 0.8766436480740415 0.877491398009754 0.9591774347273455 0.9701928245283407 0.9702940756364803 0.9782452972520632 1.005326363631761 0.9968801627397342 0.9999553668792651 0.9999998623284158 1.000000000000019 1.000000000000003
 0.9040693466151445 0.901062569083888 0.9014638532101438 0.905052116079061 1.095915216894233 1.051879853203552 1.031995977589283 1.027562473014224 0.9383004746531901 0.9374497833639268 0.8381780844438029 0.8320305681397938 1.383157663640393 1.106459492191989 1.106034350915519 1.095265241873043 0.9968188688367072 1.000698305946912 0.9999734588524779 0.9999999577626959 1.000000000000002 1.000000000000006
 0.9040693466151445 0.901062569083888 0.9014638532101438 0.905052116079061 1.095915216894233 1.051879853203552 1.032031742723138 1.030017899276278 0.9120352869554738 0.8820179218797085 1.013975134568229 0.9636198384112707 0.5228432868786436 0.7262661440470438 0.7275475971397956 0.778750633448959 1.088513228794672 1.003876034379727 0.9999686672735006 0.999999992791321 1.000000000000001 1.000000000000001
 0.9040693466151445 0.901062569083888 0.9014638532101438 0.905052116079061 1.095915216894233 1.051879853203552 1.032031742723138 1.029182530410957 0.9254909118448661 0.8912217304082286 0.8311134224067901 0.8375129189778354 1.405281237989768 1.035854012574173 1.03572729870361 1.037393149523116 1.003782002383258 1.010731082907637 1.000018264206048 1.000000270159392 1.000000000000063 1.000000000000004
 0.9040693466151445 0.901062569083888 0.9014638532101438 0.905052116079061 1.095915216894233 1.051879853203552 1.032031742723138 1.029323293018224 0.9221844932604746 0.8955927697784256 0.905715398247017 0.9108423635583109 0.5 0.7099919780158174 0.7112161193988089 0.7695598154324664 1.058839918442747 1.020669014252379 1.000373183467006 1.000000243079348 1.000000000000095 1.000000000000025
 0.9040693466151445 0.901062569083888 0.9014638532101438 0.905052116079061 1.095915216894233 1.051879853203552 1.032031742723138 1.029311086646794 0.5 0.5 0.5 0.5 0.6715054181349865 0.7038510361864833 0.7049170046945317 0.7727816072858478 1.036701603563836 1.004053100635937 1.000056123430066 1.000000046322863 1.00000000000003 1.000000000000032
 0.9040693466151445 0.901062569083888 0.9014638532101438 0.905052116079061 0.6028386685028142 0.5 0.5 0.5 0.7425866519880767 0.6020838907469264 0.5 0.5 0.5 0.5896379251255139 0.5911816665023397 0.7101578686763053 1.012759856928564 1.018845230009069 1.000435760553148 1.00000015245939 1.000000000000029 1.000000000000011
 0.5 0.5 0.5 0.5 0.6680312696474366 0.5 0.5 0.5 0.5 0.5 0.5 0.5 0.5 0.5615075730388551 0.5632581647028253 0.7238914141538674 0.9871950524064244 1.006681754240383 1.000413675888515 1.000000214499484 1.000000000000054 1.000000000000012
 0.5 0.5 0.5 0.5 0.5 0.5 0.5 0.5 0.5 0.5 0.5 0.5 0.5 0.5615075730388551 0.5634456802581281 0.7608052887807248 0.9760399570516973 0.9961592342162047 1.000441242971357 1.000000322263219 1.000000000000117 1.000000000000023
 0.5 0.5 0.5 0.5 0.5 0.5 0.5 0.5 0.5 0.5 0.5 0.5 0.5 0.5615075730388551 0.5637910656204117 0.7954052174052693 0.982357270807112 0.9901040721512435 1.000273851496838 1.000000110088011 1.000000000000038 1.000000000000039
 0.5 0.5 0.5 0.5 0.5 0.5 0.5 0.5 0.5 0.5 0.5 0.5 0.5 0.5615075730388551 0.5640653546377027 0.827094703797699 0.989265697819522 0.9916654673143197 1.000721017103178 1.000000507425157 1.000000000000242 1.000000000000025
 0.5 0.5 0.5 0.5 0.5 0.5 0.5 0.5 0.5 0.5 0.5 0.5 0.5 0.5615075730388551 0.5646942483842171 0.8633691664585709 0.9915288422135263 0.9952278530526559 1.000133653054015 1.000000114001228 1.000000000000086 1.000000000000081
 0.5 0.5 0.5 0.5 0.5 0.5 0.5 0.5 0.5 0.5 0.5 0.5 0.5 0.5615075730388551 0.5652914873898969 0.8974956945277193 0.9930029329633904 0.9967336752916439 0.9997941080096265 1.000000005941485 1.000000000000058 1.00000000000003
 0.5 0.5 0.5 0.5 0.5 0.5 0.5 0.5 0.5 0.5 0.5 0.5 0.5 0.5615075730388551 0.564988298777947 0.9136452284896439 0.9983689468679576 0.9972880350591357 0.9997014904161641 1.000000040266281 1.000000000000027 1.00000000000002
 0.5 0.5 0.5 0.5 0.5 0.5 0.5 0.5 0.5 0.5 0.5 0.5 0.5 0.5615075730388551 0.5644901620144159 0.9136999249644286 1.00521517039114 0.9988398045988821 0.999813893361862 0.9999998234716969 1.000000000000058 1.000000000000012
 0.5 0.5 0.5 0.5 0.5 0.5 0.5 0.5 0.5 0.5 0.5 0.5 0.5 0.5615075730388551 0.5643043932495183 0.9151968240286645 1.007119610642742 1.001302859997621 0.9999092654088546 0.9999998253350798 1.000000000000033 1.00000000000002
 0.5 0.5 0.5 0.5 0.5 0.5 0.5 0.5 0.5 0.5 0.5 0.5 0.5 0.5615075730388551 0.564068899639908 0.9245453263919516 1.004430457420032 1.002714213469388 0.99992328009748 0.9999998441243019 0.9999999999999987 1.00000000000001
 0.5 0.5 0.5 0.5 0.5 0.5 0.5 0.5 0.5 0.5 0.5 0.5 0.5 0.5615075730388551 0.5639596853450378 0.9333357717469908 1.002902580028498 1.002114501963791 0.9999241126396577 0.999999823506372 0.9999999999999348 0.999999999999996
 0.5 0.5 0.5 0.5 0.5 0.5 0.5 0.5 0.5 0.5 0.5 0.5 0.5 0.5615075730388551 0.5640176842268302 0.9355708429552178 1.00431372414276 1.00118325091111 0.9999782407575242 0.9999998136055365 0.9999999999999788 0.9999999999999784
 0.5 0.5 0.5 0.5 0.5 0.5 0.5 0.5 0.5 0.5 0.5 0.5 0.5 0.5615075730388551 0.5640557422897162 0.9339403041894174 1.006256327908633 1.001366785504131 1.000057297197717 1.000000308355866 1.000000000000099 0.9999999999999987
 0.5 0.5 0.5 0.5 0.5 0.5 0.5 0.5 0.5 0.5 0.5 0.5 0.5 0.5615075730388551 0.5642543488036419 0.9325022154951843 1.006893608991031 1.002138461956096 1.000082214396011 1.000000193040723 1.00000000000005 1.000000000000034
 0.5 0.5 0.5 0.5 0.5 0.5 0.5 0.5 0.5 0.5 0.5 0.5 0.5 0.5615075730388551 0.564570712158061 0.931982714729606 1.006699412425675 1.002570542269704 1.000047063522816 1.000000088762919 0.9999999999999768 1.000000000000014
 0.5 0.5 0.5 0.5 0.5 0.5 0.5 0.5 0.5 0.5 0.5 0.5 0.5 0.5615075730388551 0.5649029126867231 0.9316128410836124 1.006559298929998 1.002549627999229 1.000021914174536 1.000000002491224 0.9999999999999483 0.9999999999999899
 0.5 0.5 0.5 0.5 0.5 0.5 0.5 0.5 0.5 0.5 0.5 0.5 0.5 0.5615075730388551 0.5653923877951581 0.9309856846782588 1.006643237047282 1.002450532626457 1.000036884017191 1.000000010740068 0.99999999999994 0.9999999999999805
 0.5 0.5 0.5 0.5 0.5 0.5 0.5 0.5 0.5 0.5 0.5 0.5 0.5 0.5615075730388551 0.5659819877512446 0.9299773139056482 1.006843962765065 1.002453099140165 1.000060974184854 1.000000028764521 0.9999999999999656 0.9999999999999792
 0.5 0.5 0.5 0.5 0.5 0.5 0.5 0.5 0.5 0.5 0.5 0.5 0.5 0.5615075730388551 0.5666246994549413 0.9285770704725309 1.007094918903792 1.002520692126693 1.000068784373662 1.000000003749872 0.9999999999999363 0.9999999999999857
 0.5 0.5 0.5 0.5 0.5 0.5 0.5 0.5 0.5 0.5 0.5 0.5 0.5 0.5615075730388551 0.5674139939909288 0.9268033074289523 1.007370669997804 1.002609745580476 1.000065162312682 0.9999999596812436 1.000000000000045 0.9999999999999823
 0.5 0.5 0.5 0.5 0.5 0.5 0.5 0.5 0.5 0.5 0.5 0.5 0.5 0.5615075730388551 0.5682971085096428 0.9246368996302333 1.007675782321501 1.002707564512177 1.000062663394992 0.9999999505911599 1.000000000000029 1.000000000000016
 0.5 0.5 0.5 0.5 0.5 0.5 0.5 0.5 0.5 0.5 0.5 0.5 0.5 0.5615075730388551 0.5692642406845942 0.9221091553466521 1.007999757411447 1.002813578844752 1.000063839839292 0.9999999823711314 1.00000000000003 1.000000000000011
 0.5 0.5 0.5 0.5 0.5 0.5 0.5 0.5 0.5 0.5 0.5 0.5 0.5 0.5615075730388551 0.570372363597349 0.9192461343328886 1.008332015530715 1.002927600466801 1.000066372453027 1.000000004994511 1.000000000000056 1.000000000000012
 0.5 0.5 0.5 0.5 0.5 0.5 0.5 0.5 0.5 0.5 0.5 0.5 0.5 0.5615075730388551 0.5715800087200873 0.9160345570584288 1.008680862358196 1.003045132357568 1.000069168931516 0.999999991526107 1.00000000000003 1.000000000000019
 0.5 0.5 0.5 0.5 0.5 0.5 0.5 0.5 0.5 0.5 0.5 0.5 0.5 0.5615075730388551 0.5728951318024667 0.9124975356003384 1.009038053094754 1.003166396045563 1.000072157226333 0.9999999711093726 1.000000000000033 1.000000000000011
 0.5 0.5 0.5 0.5 0.5 0.5 0.5 0.5 0.5 0.5 0.5 0.5 0.5 0.5615075730388551 0.5743518156703685 0.9086546309780552 1.009393679162892 1.003291721053879 1.000075417442348 0.9999999686490801 1.000000000000008 1.000000000000011
 0.5 0.5 0.5 0.5 0.5 0.5 0.5 0.5 0.5 0.5 0.5 0.5 0.5 0.5615075730388551 0.5759211767957079 0.9045059392390411 1.009748621691205 1.003417032160671 1.000078868568738 0.9999999763235403 0.9999999999999374 0.999999999999999
 0.5 0.5 0.5 0.5 0.5 0.5 0.5 0.5 0.5 0.5 0.5 0.5 0.5 0.5615075730388551 0.5776185028607257 0.9000781158253437 1.010091990104882 1.003541044957637 1.000082399558044 0.9999999804761008 0.9999999999998979 0.9999999999999747
 0.5 0.5 0.5 0.5 0.5 0.5 0.5 0.5 0.5 0.5 0.5 0.5 0.5 0.5615075730388551 0.5794647895874697 0.8953919481431104 1.010414580529719 1.003662203101789 1.000086054395976 0.9999999795783032 1.000000000000018 0.9999999999999688
 0.5 0.5 0.5 0.5 0.5 0.5 0.5 0.5 0.5 0.5 0.5 0.5 0.5 0.5615075730388551 0.5814405979905041 0.8904588086719248 1.010713213334884 1.003776538156201 1.000089775227043 0.9999999781556798 1.000000000000013 1.000000000000006
 0.5 0.5 0.5 0.5 0.5 0.5 0.5 0.5 0.5 0.5 0.5 0.5 0.5 0.5615075730388551 0.58356727297797 0.8853108817889597 1.010975561223702 1.003882271628872 1.000093443156096 0.999999977570833 1.000000000000007 1.000000000000004
 0.5 0.5 0.5 0.5 0.5 0.5 0.5 0.5 0.5 0.5 0.5 0.5 0.5 0.5615075730388551 0.5858531332913625 0.8799716295873139 1.011193646510901 1.003976838031269 1.000097029193069 0.9999999771299328 0.999999999999993 1.000000000000002
 0.5 0.5 0.5 0.5 0.5 0.5 0.5 0.5 0.5 0.5 0.5 0.5 0.5 0.5615075730388551 0.5882938133037841 0.8744649561414415 1.011361381164146 1.004056508982909 1.000100439093714 0.9999999765645012 1.000000000000001 0.9999999999999979
 0.5 0.5 0.5 0.5 0.5 0.5 0.5 0.5 0.5 0.5 0.5 0.5 0.5 0.5615075730388551 0.5909058546781405 0.8688262846335922 1.01146803987471 1.004119246932667 1.000103561275966 0.999999975882174 1.000000000000015 1.000000000000001
 0.5 0.5 0.5 0.5 0.5 0.5 0.5 0.5 0.5 0.5 0.5 0.5 0.5 0.5615075730388551 0.5936970922132822 0.8630872088134962 1.011506814138104 1.004162192635935 1.000106340089792 0.9999999751356654 1.000000000000016 1.000000000000006
 0.5 0.5 0.5 0.5 0.5 0.5 0.5 0.5 0.5 0.5 0.5 0.5 0.5 0.5615075730388551 0.5966711875080143 0.8572811165680216 1.011472348477444 1.004182254637397 1.0001086702586 0.9999999743056989 1.000000000000003 1.000000000000005
 0.5 0.5 0.5 0.5 0.5 0.5 0.5 0.5 0.5 0.5 0.5 0.5 0.5 0.5615075730388551 0.5998388157396802 0.8514479611198087 1.011358131193806 1.004177580144518 1.000110455732998 0.9999999733225751 0.9999999999999964 1.000000000000001
 0.5 0.5 0.5 0.5 0.5 0.5 0.5 0.5 0.5 0.5 0.5 0.5 0.5 0.5615075730388551 0.603218317748375 0.8456306091362243 1.011159806499645 1.004146093889376 1.000111642442564 0.9999999722328402 1.000000000000003 0.999999999999999
 0.5 0.5 0.5 0.5 0.5 0.5 0.5 0.5 0.5 0.5 0.5 0.5 0.5 0.5615075730388551 0.6068018708840287 0.8398643481623219 1.010878871599338 1.004085773821363 1.000112142901636 0.9999999710533868 1.000000000000011 1.000000000000001
 0.5 0.5 0.5 0.5 0.5 0.5 0.5 0.5 0.5 0.5 0.5 0.5 0.5 0.5615075730388551 0.6106228163269801 0.8342051051651664 1.010511135249105 1.003996200813691 1.000111901579045 0.9999999697572427 1.00000000000001 1.000000000000004
 0.5 0.5 0.5 0.5 0.5 0.5 0.5 0.5 0.5 0.5 0.5 0.5 0.5 0.5615075730388551 0.6146738404021806 0.8286897358558276 1.010064136890985 1.003876721474921 1.000110891568754 0.9999999683973796 1.000000000000006 1.000000000000004
 0.5 0.5 0.5 0.5 0.5 0.5 0.5 0.5 0.5 0.5 0.5 0.5 0.5 0.5615075730388551 0.6189787516894516 0.8233742804556488 1.00954056222922 1.003727651705655 1.000109080737027 0.9999999670067474 1.000000000000005 1.000000000000002
 0.5 0.5 0.5 0.5 0.5 0.5 0.5 0.5 0.5 0.5 0.5 0.5 0.5 0.5615075730388551 0.6235497816720519 0.8183070885346327 1.008949632082152 1.003550824337424 1.000106469233743 0.9999999656054439 1.000000000000006 1.000000000000002
 0.5 0.5 0.5 0.5 0.5 0.5 0.5 0.5 0.5 0.5 0.5 0.5 0.5 0.5615075730388551 0.6283901809337277 0.8135356233469504 1.008304229770337 1.003347914309541 1.000103085916412 0.9999999642694547 1.000000000000007 1.000000000000002
 0.5 0.5 0.5 0.5 0.5 0.5 0.5 0.5 0.5 0.5 0.5 0.5 0.5 0.5615075730388551 0.6335411572959655 0.8091248557076957 1.007612880298325 1.003122920642874 1.00009896541646 0.9999999630498978 1.000000000000008 1.000000000000003
 0.5 0.5 0.5 0.5 0.5 0.5 0.5 0.5 0.5 0.5 0.5 0.5 0.5 0.5615075730388551 0.6389728655079659 0.8051030921364808 1.006901320938278 1.002879419633707 1.000094165689081 0.9999999619984105 1.000000000000008 1.000000000000003
 0.5 0.5 0.5 0.5 0.5 0.5 0.5 0.5 0.5 0.5 0.5 0.5 0.5 0.5615075730388551 0.6447699800069429 0.8015609929964432 1.006171513307903 1.002623732589062 1.000088781507736 0.9999999611934874 1.000000000000008 1.000000000000003
 0.5 0.5 0.5 0.5 0.5 0.5 0.5 0.5 0.5 0.5 0.5 0.5 0.5 0.5615075730388551 0.6508633197641108 0.798498314009066 1.005464146988289 1.002360860356768 1.000082885045835 0.9999999606843714 1.000000000000008 1.000000000000003
 0.5 0.5 0.5 0.5 0.5 0.5 0.5 0.5 0.5 0.5 0.5 0.5 0.5 0.5615075730388551 0.6573681565213141 0.7960256131943502 1.004772836927733 1.002098838616728 1.000076606572523 0.999999960514961 1.000000000000008 1.000000000000003
 0.5 0.5 0.5 0.5 0.5 0.5 0.5 0.5 0.5 0.5 0.5 0.5 0.5 0.5615075730388551 0.6642160430802282 0.7941330931040023 1.004142493145044 1.00184434968137 1.000070046691304 0.9999999607323523 1.000000000000009 1.000000000000003
 0.5 0.5 0.5 0.5 0.5 0.5 0.5 0.5 0.5 0.5 0.5 0.5 0.5 0.5615075730388551 0.6714868526847145 0.7929089927702095 1.003571644785769 1.001604483409443 1.000063347621959 0.9999999613527334 1.000000000000009 1.000000000000003
 0.5 0.5 0.5 0.5 0.5 0.5 0.5 0.5 0.5 0.5 0.5 0.5 0.5 0.5615075730388551 0.6791990928139567 0.7923890864354814 1.00308192531797 1.001388257681601 1.00005663561864 0.9999999623757154 1.000000000000009 1.000000000000003
 0.5 0.5 0.5 0.5 0.5 0.5 0.5 0.5 0.5 0.5 0.5 0.5 0.5 0.5615075730388551 0.6873010626388762 0.7925688800000483 1.002702482610619 1.001198745922613 1.000050059521811 0.9999999638011865 1.00000000000001 1.000000000000004
 0.5 0.5 0.5 0.5 0.5 0.5 0.5 0.5 0.5 0.5 0.5 0.5 0.5 0.5615075730388551 0.695995222702863 0.7936024671905008 1.002396279944978 1.001046743908168 1.000043777434374 0.9999999655858787 1.00000000000001 1.000000000000004
 0.5 0.5 0.5 0.5 0.5 0.5 0.5 0.5 0.5 0.5 0.5 0.5 0.5 0.5615075730388551 0.7050158292528065 0.7953229616414348 1.00224991845078 1.000929382000339 1.000037914377542 0.9999999676922954 1.00000000000001 1.000000000000004
 0.5 0.5 0.5 0.5 0.5 0.5 0.5 0.5 0.5 0.5 0.5 0.5 0.5 0.5615075730388551 0.7147931635145496 0.7980471959933363 1.002143365738898 1.000857086585097 1.000032682533547 0.9999999700547836 1.00000000000001 1.000000000000004
 0.5 0.5 0.5 0.5 0.5 0.5 0.5 0.5 0.5 0.5 0.5 0.5 0.5 0.5615075730388551 0.7248843028340786 0.8014574693554263 1.002217660385532 1.000821902752263 1.000028139177173 0.999999972606688 1.00000000000001 1.000000000000004
 0.5 0.5 0.5 0.5 0.5 0.5 0.5 0.5 0.5 0.5 0.5 0.5 0.5 0.5615075730388551 0.7357814732889651 0.8059264394747357 1.002308231809851 1.000827771190016 1.00002452464236 0.9999999752614289 1.000000000000011 1.000000000000004
 0.5 0.5 0.5 0.5 0.5 0.5 0.5 0.5 0.5 0.5 0.5 0.5 0.5 0.5615075730388551 0.7471958262790603 0.8112253283130937 1.002512957250695 1.000870056850996 1.000021824110896 0.9999999779406796 1.000000000000011 1.000000000000004
 0.5 0.5 0.5 0.5 0.5 0.5 0.5 0.5 0.5 0.5 0.5 0.5 0.5 0.5615075730388551 0.7591975203864679 0.8174158541199953 1.002778623874865 1.000932912107736 1.000020191256098 0.9999999805668055 1.000000000000011 1.000000000000004
 0.5 0.5 0.5 0.5 0.5 0.5 0.5 0.5 0.5 0.5 0.5 0.5 0.5 0.5615075730388551 0.7722177391105463 0.8248129153474942 1.002964622526541 1.001028940272388 1.000019583676538 0.9999999830381394 1.000000000000011 1.000000000000004
 0.5 0.5 0.5 0.5 0.5 0.5 0.5 0.5 0.5 0.5 0.5 0.5 0.5 0.5615075730388551 0.7853646258115554 0.8327180557686356 1.003326541034861 1.001113929271105 1.000019919289321 0.9999999853284958 1.000000000000011 1.000000000000004
 0.5 0.5 0.5 0.5 0.5 0.5 0.5 0.5 0.5 0.5 0.5 0.5 0.5 0.5615075730388551 0.8002324005168563 0.8423800222061824 1.003330007769638 1.001217225154819 1.000021201443309 0.9999999873132964 1.00000000000001 1.000000000000004
 0.5 0.5 0.5 0.5 0.5 0.5 0.5 0.5 0.5 0.5 0.5 0.5 0.5 0.5615075730388551 0.8146089385669485 0.8520238234964503 1.003652490983849 1.001278971793382 1.000022948580354 0.9999999890174044 1.00000000000001 1.000000000000004
 0.5 0.5 0.5 0.5 0.5 0.5 0.5 0.5 0.5 0.5 0.5 0.5 0.5 0.5615075730388551 0.8315806166495119 0.8641283193098167 1.003292780029124 1.001330826037062 1.000025421854539 0.9999999903101068 1.00000000000001 1.000000000000004
 0.5 0.5 0.5 0.5 0.5 0.5 0.5 0.5 0.5 0.5 0.5 0.5 0.5 0.5615075730388551 0.8474046437136746 0.8756397198706316 1.003387440040904 1.001310036675414 1.000027525574259 0.9999999912589329 1.000000000000009 1.000000000000004
 0.5 0.5 0.5 0.5 0.5 0.5 0.5 0.5 0.5 0.5 0.5 0.5 0.5 0.5615075730388551 0.866329802570576 0.8900486797760336 1.002618583178226 1.001240551113335 1.000029935846583 0.9999999917463206 1.000000000000009 1.000000000000003
 0.5 0.5 0.5 0.5 0.5 0.5 0.5 0.5 0.5 0.5 0.5 0.5 0.5 0.5615075730388551 0.884651162818352 0.9042699929067918 1.002046020999273 1.001094269635409 1.000031354063195 0.9999999918148489 1.000000000000008 1.000000000000003
 0.5 0.5 0.5 0.5 0.5 0.5 0.5 0.5 0.5 0.5 0.5 0.5 0.5 0.5615075730388551 0.9045504208512588 0.9201446007477174 1.001128051323483 1.000803902783637 1.000032113717569 0.9999999915570643 1.000000000000008 1.000000000000003
 0.5 0.5 0.5 0.5 0.5 0.5 0.5 0.5 0.5 0.5 0.5 0.5 0.5 0.5615075730388551 0.9265529605024236 0.9380900614491138 0.9995655107082501 1.000501486457587 1.000031866968613 0.9999999907723407 1.000000000000007 1.000000000000003
 0.5 0.5 0.5 0.5 0.5 0.5 0.5 0.5 0.5 0.5 0.5 0.5 0.5 0.5615075730388551 0.9478667818245057 0.9557678226337633 0.998305438734761 0.9999712132685774 1.000030364046543 0.9999999899208599 1.000000000000006 1.000000000000002
 0.5 0.5 0.5 0.5 0.5 0.5 0.5 0.5 0.5 0.5 0.5 0.5 0.5 0.5615075730388551 0.9720138080920302 0.976218652006116 0.9965170382447952 0.9993957896952348 1.000027537105369 0.9999999887950768 1.000000000000005 1.000000000000002
 0.5 0.5 0.5 0.5 0.5 0.5 0.5 0.5 0.5 0.5 0.5 0.5 0.5 0.5615075730388551 0.9976753885277297 0.9982557800903871 0.9944688172726108 0.9987628259628938 1.000023394339493 0.9999999876995668 1.000000000000005 1.000000000000002
 0.5 0.5 0.5 0.5 0.5 0.5 0.5 0.5 0.5 0.5 0.5 0.5 0.5 0.5615075730388551 1.022713971930896 1.019979603472007 0.9930194569897024 0.9979557032251059 1.000018753040953 0.9999999868570433 1.000000000000004 1.000000000000002
 0.5 0.5 0.5 0.5 0.5 0.5 0.5 0.5 0.5 0.5 0.5 0.5 0.5 0.5615075730388551 1.051647710946169 1.045414303238466 0.9917940427383293 0.9972786648634677 1.000010158506827 0.9999999866154421 1.000000000000004 1.000000000000002
 0.5 0.5 0.5 0.5 0.5 0.5 0.5 0.5 0.5 0.5 0.5 0.5 0.5 0.5615075730388551 1.081770074152735 1.072253860445276 0.991077528017689 0.9967890735874506 1.000000795319943 0.9999999869527135 1.000000000000003 1.000000000000001
 0.5 0.5 0.5 0.5 0.5 0.5 0.5 0.5 0.5 0.5 0.5 0.5 0.5 0.5615075730388551 1.111358562140155 1.098967901681553 0.9919779936593844 0.9964889120251985 0.9999852262589456 0.9999999887046214 1.000000000000003 1.000000000000001
 0.5 0.5 0.5 0.5 0.5 0.5 0.5 0.5 0.5 0.5 0.5 0.5 0.5 0.5615075730388551 1.145104871659843 1.129552928727715 0.9957028541720225 0.9967594691026407 0.9999623684254881 0.9999999930212453 1.000000000000002 1.000000000000001
 0.5 0.5 0.5 0.5 0.725 0.5 0.5 0.5 0.725 0.6425024368283829 0.5 0.5 0.725 0.7445055890999469 1.09688349388982 1.086543627539703 0.9868081480249373 0.9976543973570597 0.9999393564761511 0.9999999978473014 1.000000000000002 1.000000000000001
 0.5 0.5 0.5 0.5 0.5 0.5 0.5 0.5 0.5 0.5 0.5 0.5 0.5 0.5369045438233131 0.8873579859134394 0.9033566263806018 1.008441012556353 1.00155937002698 0.9996862920102684 0.9999997326258547 1.000000000000002 1.000000000000002


